              precision    recall  f1-score   support

           A       0.97      0.96      0.96        68
           B       0.94      1.00      0.97        66
           C       0.97      1.00      0.99        33
           D       0.87      0.66      0.75        41
           E       0.66      0.68      0.67        28
           F       0.75      0.82      0.78        65
           G       0.92      0.96      0.94        47
           H       0.93      0.91      0.92        85
           I       0.91      0.89      0.90        65
           K       0.70      0.81      0.75        52
           L       0.83      0.87      0.85        63
           M       0.82      0.86      0.84        36
           N       0.74      0.64      0.69        90
           O       0.63      0.77      0.69        61
           P       0.89      0.92      0.90        60
           Q       0.95      0.83      0.89        65
           R       0.85      0.62      0.72        47
           S       0.75      0.77      0.76        65
           T       0.77      0.83      0.80        52
           U       0.73      0.69      0.70        54
           V       0.76      0.70      0.73        67
           W       0.70      0.89      0.78        63
           X       0.83      0.68      0.75        57
           Y       0.80      0.78      0.79        55

    accuracy                           0.82      1385
   macro avg       0.82      0.81      0.81      1385
weighted avg       0.82      0.82      0.81      1385
